>NNNGCCTCAGGCNN	TFAP2A/MA0003.4/Jaspar	12.4396086688963	
0.271	0.256	0.255	0.217
0.173	0.289	0.211	0.326
0.178	0.165	0.237	0.42
0.068	0.226	0.624	0.082
0.018	0.959	0.012	0.011
0.007	0.961	0.013	0.018
0.017	0.073	0.047	0.862
0.033	0.848	0.088	0.031
0.85	0.046	0.077	0.027
0.012	0.014	0.966	0.008
0.01	0.015	0.966	0.01
0.076	0.591	0.257	0.075
0.264	0.3	0.191	0.245
0.326	0.245	0.241	0.188
>NNGCGTGACCNN	PAX5/MA0014.3/Jaspar	11.0563188167967	
0.382	0.127	0.409	0.081
0.443	0.105	0.251	0.202
0.013	0.107	0.872	0.008
0.013	0.904	0.024	0.059
0.079	0.025	0.88	0.016
0.067	0.062	0.021	0.85
0.011	0.026	0.96	0.003
0.88	0.028	0.05	0.042
0.023	0.924	0.04	0.013
0.049	0.766	0.084	0.102
0.267	0.287	0.221	0.225
0.186	0.285	0.254	0.274
>CANAGGTCANNNG	NR2F1/MA0017.2/Jaspar	12.4396086688963	
0.204	0.487	0.139	0.169
0.603	0.14	0.096	0.162
0.525	0.032	0.404	0.039
0.691	0	0.309	0
0	0.002	0.998	0
0	0	1	0
0	0	0	1
0	1	0	0
0.993	0	0.007	0
0.424	0.253	0.134	0.188
0.268	0.246	0.364	0.122
0.272	0.205	0.322	0.201
0.116	0.06	0.754	0.071
>NNNTGATGTCANN	CREB1/MA0018.4/Jaspar	11.0563188167967	
0.269	0.224	0.196	0.311
0.265	0.189	0.265	0.28
0.359	0.164	0.349	0.128
0.024	0.012	0.014	0.95
0.022	0.029	0.912	0.037
0.924	0.022	0.025	0.029
0.027	0.178	0.08	0.715
0.018	0.024	0.935	0.023
0.112	0.015	0.015	0.858
0.044	0.905	0.027	0.023
0.953	0.013	0.015	0.019
0.129	0.271	0.186	0.413
0.283	0.275	0.17	0.272
>TTTGGCGCCAAA	E2F1/MA0024.3/Jaspar	16.5894782251951	
0.248	0.112	0.087	0.552
0.235	0.045	0.098	0.622
0.205	0.035	0.143	0.617
0.053	0.07	0.876	0.001
0	0.033	0.967	0
0	0.997	0	0.003
0	0.001	0.999	0
0.003	0.969	0.028	0
0	0.857	0.068	0.074
0.628	0.205	0.024	0.143
0.614	0.096	0.07	0.219
0.558	0.067	0.127	0.248
>NNTTATGNAATNN	NFIL3/MA0025.2/Jaspar	11.0563188167967	
0.277	0.17	0.244	0.309
0.393	0.169	0.316	0.122
0.038	0.03	0.023	0.91
0.02	0.009	0.075	0.896
0.929	0.01	0.043	0.019
0.029	0.066	0.021	0.884
0.063	0.02	0.89	0.027
0.059	0.522	0.02	0.399
0.95	0.024	0.007	0.019
0.953	0.011	0.016	0.021
0.095	0.216	0.117	0.572
0.334	0.245	0.181	0.241
0.291	0.214	0.195	0.3
>ACCGGAAGTN	ELK1/MA0028.2/Jaspar	12.4396086688963	
0.681	0.041	0.193	0.085
0.025	0.94	0.03	0.005
0.008	0.991	0.001	0
0	0	0.999	0.001
0	0.001	0.984	0.015
0.993	0.005	0.001	0.001
0.947	0.007	0.001	0.045
0.059	0.046	0.89	0.006
0.017	0.116	0.021	0.846
0.29	0.146	0.377	0.187
>NNAANGTAAACAAN	FOXF2/MA0030.1/Jaspar	13.8228985209959	
0.037	0.37	0.259	0.333
0.37	0.259	0.185	0.185
0.63	0.148	0.074	0.148
0.464	0.179	0.179	0.179
0.136	0.5	0.364	0
0.259	0	0.741	0
0	0	0	1
1	0	0	0
1	0	0	0
1	0	0	0
0	0.926	0	0.074
1	0	0	0
0.593	0.148	0.074	0.185
0.259	0.148	0.222	0.37
>NANGTAAANAN	FOXC1/MA0032.2/Jaspar	9.67302896469714	
0.33	0.039	0.016	0.615
0.695	0.035	0.202	0.067
0.344	0.088	0.106	0.462
0.257	0.018	0.722	0.003
0.108	0.072	0.017	0.803
0.707	0.29	0.001	0.002
0.991	0.006	0	0.003
0.984	0.003	0.008	0.006
0.006	0.468	0.009	0.517
0.966	0.001	0.023	0.01
0.317	0.074	0.052	0.557
>NTAAACA	FOXL1/MA0033.2/Jaspar	8.28973911259755	
0.426	0.003	0.543	0.028
0.002	0.08	0	0.918
0.875	0.115	0.01	0
0.989	0.008	0	0.003
0.973	0.017	0.01	0
0	0.779	0	0.221
0.985	0.011	0	0.004
>NNCTTATCTNN	GATA2/MA0036.3/Jaspar	9.67302896469714	
0.232	0.21	0.225	0.333
0.14	0.288	0.209	0.363
0.066	0.746	0.086	0.102
0.031	0.018	0.011	0.94
0.029	0.002	0.001	0.967
0.992	0.001	0.003	0.004
0.01	0.005	0.003	0.981
0.007	0.97	0.009	0.014
0.167	0.035	0.026	0.773
0.205	0.261	0.257	0.277
0.231	0.273	0.156	0.341
>NNAATCACNGCA	GFI1/MA0038.2/Jaspar	12.4396086688963	
0.122	0.384	0.245	0.25
0.624	0.331	0.026	0.018
1	0	0	0
1	0	0	0
0	0	0	1
0	0.999	0	0
0.948	0	0	0.052
0.026	0.855	0.12	0
0.257	0.002	0.277	0.464
0.074	0.009	0.889	0.029
0.009	0.875	0	0.116
0.554	0.173	0.135	0.137
>NNCCCCACCCNN	KLF4/MA0039.4/Jaspar	11.0563188167967	
0.225	0.314	0.255	0.206
0.206	0.252	0.331	0.212
0.044	0.882	0.028	0.046
0.038	0.858	0.022	0.083
0.126	0.813	0.025	0.035
0.021	0.947	0.014	0.017
0.817	0.003	0.118	0.062
0.015	0.938	0.026	0.02
0.029	0.916	0.034	0.022
0.022	0.915	0.018	0.046
0.291	0.327	0.113	0.269
0.178	0.344	0.258	0.219
>NNNTTATGCAACNN	HLF/MA0043.3/Jaspar	12.4396086688963	
0.279	0.207	0.23	0.284
0.253	0.164	0.258	0.325
0.36	0.181	0.401	0.058
0.012	0.01	0.006	0.972
0.007	0.004	0.037	0.953
0.931	0.005	0.055	0.009
0.008	0.063	0.01	0.918
0.099	0.005	0.889	0.008
0.015	0.704	0.008	0.272
0.989	0.005	0.002	0.004
0.985	0.003	0.008	0.005
0.057	0.542	0.135	0.266
0.364	0.263	0.132	0.241
0.283	0.216	0.226	0.276
>CGCAGCTGCN	NHLH1/MA0048.2/Jaspar	12.4396086688963	
0.243	0.667	0.056	0.034
0.156	0.061	0.735	0.048
0.001	0.999	0	0
0.998	0.001	0	0
0	0.117	0.839	0.044
0.04	0.908	0.052	0
0	0.002	0.002	0.996
0.001	0.002	0.997	0
0.102	0.743	0.035	0.12
0.066	0.157	0.461	0.317
>NGAAAGNGAAANCNNNNN	IRF2/MA0051.1/Jaspar	13.8228985209959	
0	0.333	0.583	0.083
0.167	0	0.833	0
1	0	0	0
0.917	0	0	0.083
1	0	0	0
0.167	0	0.833	0
0	0.5	0	0.5
0	0	1	0
1	0	0	0
1	0	0	0
1	0	0	0
0	0.5	0.5	0
0	0.583	0.167	0.25
0.417	0.167	0.25	0.167
0.5	0	0.167	0.333
0.5	0.083	0.083	0.333
0.417	0.167	0.083	0.333
0.25	0.5	0.083	0.167
>NNCTAAAAATAGNNN	MEF2A/MA0052.4/Jaspar	13.8228985209959	
0.314	0.131	0.226	0.329
0.25	0.121	0.278	0.351
0.123	0.676	0.062	0.139
0.039	0.184	0.015	0.763
0.77	0.063	0.066	0.102
0.813	0.016	0.038	0.134
0.908	0.009	0.031	0.052
0.894	0.014	0.015	0.077
0.925	0.011	0.012	0.051
0.027	0.022	0.013	0.938
0.964	0.003	0.026	0.007
0.159	0.066	0.687	0.089
0.477	0.25	0.099	0.174
0.382	0.218	0.112	0.288
0.325	0.236	0.153	0.286
>NNAATCCCCANNN	MZF1/MA0056.2/Jaspar	11.0563188167967	
0.26	0.274	0.219	0.247
0.301	0.236	0.187	0.276
0.71	0.123	0.121	0.045
0.867	0.052	0.047	0.034
0.013	0.007	0.012	0.968
0.012	0.964	0.012	0.011
0.016	0.963	0.007	0.014
0.013	0.961	0.007	0.019
0.014	0.931	0.01	0.045
0.732	0.074	0.059	0.135
0.205	0.365	0.185	0.245
0.254	0.252	0.18	0.314
0.214	0.268	0.215	0.303
>ANCACGTGNN	MAX/MA0058.3/Jaspar	9.67302896469714	
0.481	0.226	0.188	0.105
0.279	0.409	0.22	0.093
0.006	0.994	0	0
0.982	0	0.012	0.005
0	0.967	0.001	0.032
0.045	0.005	0.947	0.003
0.01	0.022	0.003	0.965
0	0.004	0.991	0.005
0.195	0.356	0.238	0.21
0.163	0.324	0.143	0.37
>NANCACGTGGT	MAX::MYC/MA0059.1/Jaspar	12.4396086688963	
0.333	0.048	0.429	0.19
0.714	0.048	0.19	0.048
0.095	0.429	0.429	0.048
0.048	0.952	0	0
1	0	0	0
0	0.952	0	0.048
0.048	0	0.952	0
0	0.048	0	0.952
0	0	1	0
0.048	0.048	0.857	0.048
0.143	0.238	0	0.619
>NNCCAATCAGN	NFYA/MA0060.3/Jaspar	11.0563188167967	
0.393	0.157	0.376	0.074
0.399	0.084	0.385	0.132
0.005	0.965	0.007	0.023
0.006	0.977	0.006	0.011
0.971	0.006	0.004	0.02
0.95	0.019	0.026	0.005
0.008	0.027	0.002	0.963
0.034	0.874	0.066	0.026
0.847	0.044	0.101	0.007
0.127	0.234	0.562	0.077
0.384	0.284	0.184	0.148
>NNCACTTCCTGTNN	GABPA/MA0062.3/Jaspar	13.8228985209959	
0.243	0.258	0.244	0.255
0.168	0.331	0.21	0.291
0.117	0.632	0.107	0.144
0.798	0.061	0.074	0.067
0.014	0.85	0.033	0.103
0.059	0.022	0.015	0.904
0.013	0.019	0.025	0.943
0.021	0.937	0.018	0.024
0.015	0.964	0.008	0.013
0.026	0.024	0.07	0.88
0.034	0.097	0.793	0.077
0.082	0.183	0.118	0.617
0.182	0.277	0.23	0.311
0.207	0.265	0.201	0.327
>NTAGGTCACNGTGACCNANT	PPARG/MA0066.1/Jaspar	22.1226376335935	
0.107	0.286	0.5	0.107
0.107	0	0	0.893
0.679	0	0.321	0
0	0.036	0.964	0
0.036	0	0.929	0.036
0	0.036	0.143	0.821
0.071	0.821	0.107	0
0.929	0.036	0	0.036
0.179	0.536	0.143	0.143
0.179	0.25	0.357	0.214
0.143	0.071	0.643	0.143
0.036	0	0.071	0.893
0.071	0.179	0.714	0.036
0.786	0.179	0	0.036
0.036	0.964	0	0
0	0.893	0	0.107
0.107	0.429	0	0.464
0.786	0.179	0	0.036
0.179	0.429	0.214	0.179
0.25	0	0.036	0.714
>NCANTNNAGCGTGACGN	PAX2/MA0067.2/Jaspar	16.5894782251951	
0.001	0.265	0.351	0.382
0.018	0.702	0.004	0.276
0.766	0.013	0.209	0.012
0.272	0.238	0.356	0.134
0.013	0.247	0.008	0.731
0.068	0.45	0.476	0.007
0.631	0	0.361	0.007
0.647	0.019	0.029	0.305
0.001	0.202	0.79	0.007
0.002	0.98	0.006	0.012
0.098	0.002	0.896	0.004
0.015	0.021	0.102	0.861
0.2	0.001	0.797	0.001
0.892	0.006	0.042	0.059
0.021	0.956	0.008	0.016
0.035	0.153	0.746	0.065
0.381	0.112	0.381	0.126
>TTCACGCNTNANTN	PAX6/MA0069.1/Jaspar	13.8228985209959	
0.047	0.093	0.093	0.767
0.047	0.047	0	0.907
0.093	0.605	0.023	0.279
0.907	0.047	0.023	0.023
0.07	0.791	0.023	0.116
0.023	0	0.953	0.023
0.023	0.86	0.093	0.023
0.488	0.047	0.047	0.419
0.023	0.093	0.023	0.86
0.047	0.326	0.581	0.047
0.837	0	0.14	0.023
0.256	0.256	0.302	0.186
0.023	0.116	0.07	0.791
0.023	0	0.395	0.581
>NCATCAATCAAN	PBX1/MA0070.1/Jaspar	13.8228985209959	
0.278	0.333	0.111	0.278
0.167	0.5	0.167	0.167
0.889	0.056	0.056	0
0.056	0.056	0	0.889
0	1	0	0
0.944	0.056	0	0
0.944	0	0	0.056
0	0	0.056	0.944
0	1	0	0
0.889	0.056	0	0.056
0.667	0	0.056	0.278
0.444	0.111	0.111	0.333
>ANNNAGGTCA	RORA/MA0071.1/Jaspar	9.67302896469714	
0.6	0.04	0.08	0.28
0.36	0.04	0	0.6
0.24	0.48	0.16	0.12
0.44	0.08	0.2	0.28
0.84	0	0.16	0
0	0	1	0
0	0	1	0
0	0	0	1
0	1	0	0
1	0	0	0
>NNNANNTAGGTCAN	RORA/MA0072.1/Jaspar	11.0563188167967	
0.25	0.222	0.222	0.306
0.472	0.056	0.194	0.278
0.417	0	0.083	0.5
0.972	0.028	0	0
0.639	0	0	0.361
0.056	0.333	0.361	0.25
0	0	0	1
0.778	0	0.222	0
0	0	1	0
0	0	1	0
0	0	0	1
0	1	0	0
1	0	0	0
0.417	0.167	0.278	0.139
>CCCCNAANCANCCNCNNNCN	RREB1/MA0073.1/Jaspar	16.5894782251951	
0.273	0.727	0	0
0.091	0.909	0	0
0.273	0.727	0	0
0	1	0	0
0.636	0.364	0	0
0.818	0.182	0	0
0.727	0.273	0	0
0.364	0.545	0	0.091
0	1	0	0
1	0	0	0
0.364	0.636	0	0
0.091	0.909	0	0
0.273	0.727	0	0
0.364	0.545	0.091	0
0.182	0.818	0	0
0.364	0.455	0	0.182
0.364	0.455	0.091	0.091
0.364	0.545	0	0.091
0.091	0.636	0.273	0
0.364	0.364	0.182	0.091
>GGGTCANNGNGTTCA	RXRA::VDR/MA0074.1/Jaspar	16.5894782251951	
0.3	0	0.7	0
0	0	1	0
0	0	0.9	0.1
0	0	0	1
0	0.9	0	0.1
0.9	0	0.1	0
0.4	0.2	0	0.4
0.2	0.4	0.2	0.2
0.2	0	0.8	0
0.5	0	0.5	0
0	0	1	0
0	0	0	1
0.1	0	0	0.9
0	0.9	0	0.1
0.7	0.1	0.2	0
>CTAATTAN	PRRX2/MA0075.3/Jaspar	9.67302896469714	
0.07	0.608	0.146	0.175
0.017	0.288	0.019	0.676
0.995	0.004	0	0
1	0	0	0
0	0	0	1
0	0	0	1
0.944	0	0.056	0
0.341	0.189	0.277	0.193
>NCNCTTCCGGN	ELK4/MA0076.2/Jaspar	11.0563188167967	
0.087	0.425	0.259	0.229
0.114	0.556	0.166	0.164
0.594	0.042	0.303	0.061
0	0.784	0.005	0.211
0.002	0	0	0.998
0	0	0	1
0	1	0	0
0	1	0	0
0	0	0.851	0.149
0	0.146	0.83	0.024
0.085	0.366	0.195	0.355
>CNATTGTTN	SOX9/MA0077.1/Jaspar	9.67302896469714	
0.039	0.724	0.118	0.118
0.105	0.5	0.079	0.316
0.934	0.013	0	0.053
0.026	0.013	0.026	0.934
0.092	0	0.053	0.855
0.026	0.026	0.947	0
0.171	0	0.053	0.776
0.118	0.092	0.079	0.711
0.184	0.408	0.092	0.316
>GGGGCGGGG	SP1/MA0079.5/Jaspar	12.4396086688963	
0.001	0.001	0.951	0.047
0.001	0.001	0.997	0.001
0.001	0.001	0.997	0.001
0.001	0.001	0.997	0.001
0.267	0.731	0.001	0.001
0.001	0.001	0.997	0.001
0.001	0.085	0.913	0.001
0.254	0.052	0.659	0.035
0.161	0.001	0.837	0.001
>TNTCACTTCCTCTTTN	SPIB/MA0081.2/Jaspar	19.3560579293943	
0.199	0.215	0.149	0.437
0.174	0.308	0.169	0.349
0.081	0.239	0.119	0.562
0.014	0.89	0.064	0.032
0.903	0.023	0.025	0.049
0.009	0.844	0.093	0.054
0.017	0.009	0.006	0.969
0.007	0.007	0.009	0.976
0.008	0.971	0.006	0.016
0.01	0.947	0.005	0.038
0.032	0.168	0.068	0.732
0.038	0.747	0.086	0.129
0.184	0.146	0.029	0.641
0.105	0.201	0.077	0.616
0.154	0.224	0.089	0.532
0.149	0.319	0.155	0.377
>TGNCCATATATGGNCA	SRF/MA0083.3/Jaspar	19.3560579293943	
0.138	0.081	0.052	0.729
0.043	0.087	0.656	0.213
0.405	0.394	0.093	0.108
0	0.992	0.008	0
0.002	0.982	0.006	0.01
0.925	0.011	0.015	0.05
0.033	0	0.004	0.963
0.998	0	0.002	0
0.001	0.003	0.005	0.991
0.986	0	0	0.014
0.288	0.008	0	0.704
0.004	0.005	0.991	0
0.004	0.001	0.991	0.004
0.152	0.061	0.389	0.398
0.214	0.649	0.092	0.046
0.691	0.048	0.074	0.188
>TNCCCANAATGCANNG	ZNF143/MA0088.2/Jaspar	16.5894782251951	
0.043	0.25	0.075	0.632
0.588	0	0.008	0.404
0.013	0.986	0.001	0.001
0.001	0.999	0	0
0	1	0	0
0.996	0	0.002	0.002
0	0.551	0.037	0.412
0.741	0.082	0.177	0
0.959	0	0.041	0.001
0.004	0	0.001	0.996
0.036	0.022	0.937	0.005
0	1	0	0
0.891	0.091	0.002	0.016
0.138	0.426	0.006	0.431
0.042	0.464	0.005	0.489
0.187	0.01	0.744	0.059
>NNNATGACTCAGCANN	MAFG::NFE2L1/MA0089.2/Jaspar	15.2061883730955	
0.371	0.209	0.2	0.22
0.262	0.282	0.313	0.144
0.296	0.254	0.221	0.229
0.769	0.017	0.21	0.003
0.004	0.001	0.001	0.994
0.005	0.002	0.986	0.007
0.994	0.001	0.003	0.002
0.015	0.853	0.107	0.025
0.065	0.004	0.01	0.921
0.055	0.909	0.007	0.029
0.945	0.003	0.023	0.029
0.017	0.005	0.899	0.078
0.005	0.978	0.01	0.008
0.851	0.019	0.042	0.087
0.406	0.154	0.207	0.233
0.341	0.067	0.091	0.501
>NNACATTCCAGNN	TEAD1/MA0090.3/Jaspar	12.4396086688963	
0.251	0.274	0.205	0.27
0.237	0.313	0.171	0.279
0.824	0.018	0.13	0.028
0.087	0.87	0.027	0.016
0.967	0.009	0.013	0.01
0.008	0.01	0.009	0.973
0.071	0.009	0.017	0.903
0.019	0.951	0.011	0.019
0.01	0.961	0.005	0.024
0.812	0.025	0.029	0.134
0.13	0.088	0.68	0.102
0.188	0.284	0.377	0.151
0.273	0.303	0.232	0.192
>NNANCATCTGNT	TAL1::TCF3/MA0091.1/Jaspar	11.0563188167967	
0.295	0.318	0.182	0.205
0.205	0.227	0.455	0.114
0.886	0	0.068	0.045
0.455	0.545	0	0
0	0.977	0.023	0
1	0	0	0
0	0.023	0.25	0.727
0.273	0.727	0	0
0	0	0	1
0	0	0.977	0.023
0	0.068	0.455	0.477
0.091	0.091	0.045	0.773
>NNGTCATGTGACNN	USF1/MA0093.3/Jaspar	13.8228985209959	
0.261	0.189	0.265	0.286
0.291	0.113	0.376	0.22
0.137	0.055	0.779	0.03
0.069	0.172	0.071	0.687
0.01	0.968	0.014	0.009
0.97	0.012	0.009	0.01
0.008	0.238	0.066	0.688
0.062	0.025	0.905	0.008
0.008	0.005	0.011	0.976
0.007	0.015	0.969	0.009
0.824	0.055	0.085	0.037
0.033	0.749	0.055	0.163
0.204	0.352	0.125	0.319
0.255	0.262	0.187	0.297
>ACCGGAANTN	ETS1/MA0098.3/Jaspar	11.0563188167967	
0.711	0.056	0.17	0.064
0.057	0.843	0.093	0.007
0.136	0.861	0.002	0
0	0.008	0.992	0
0	0	0.996	0.004
1	0	0	0
0.739	0.002	0.009	0.25
0.406	0.008	0.582	0.004
0.031	0.246	0.043	0.68
0.299	0.149	0.404	0.148
>ATGAGTCANN	FOS::JUN/MA0099.3/Jaspar	11.0563188167967	
0.592	0.111	0.257	0.04
0.003	0.005	0.002	0.99
0.007	0.001	0.824	0.168
0.82	0.131	0.004	0.045
0.078	0.18	0.688	0.054
0.005	0.002	0.002	0.991
0.03	0.963	0.003	0.004
0.992	0.002	0.002	0.004
0.024	0.313	0.095	0.568
0.277	0.397	0.164	0.162
>NNCAACTGNN	MYB/MA0100.3/Jaspar	8.28973911259755	
0.278	0.276	0.196	0.249
0.191	0.28	0.26	0.269
0	0.991	0.003	0.006
0.968	0.002	0.026	0.005
0.995	0.001	0	0.004
0	1	0	0
0.001	0.039	0.045	0.916
0.005	0.002	0.993	0
0.263	0.316	0.096	0.325
0.276	0.346	0.147	0.231
>NGGNNNTTCC	REL/MA0101.1/Jaspar	8.28973911259755	
0	0.294	0.471	0.235
0	0.059	0.882	0.059
0.059	0	0.882	0.059
0.294	0.059	0.529	0.118
0.353	0.294	0.176	0.176
0.294	0.059	0.059	0.588
0.059	0	0	0.941
0.118	0	0	0.882
0	0.882	0	0.118
0.059	0.941	0	0
>NNATTGCACAATNN	CEBPA/MA0102.4/Jaspar	13.8228985209959	
0.304	0.188	0.201	0.308
0.224	0.162	0.254	0.36
0.688	0.092	0.162	0.058
0.011	0.01	0.009	0.969
0.013	0.004	0.03	0.954
0.117	0.012	0.733	0.138
0.015	0.951	0.009	0.026
0.79	0.045	0.085	0.08
0.077	0.779	0.02	0.124
0.91	0.072	0.004	0.014
0.952	0.013	0.017	0.018
0.057	0.205	0.093	0.645
0.355	0.22	0.164	0.261
0.274	0.217	0.203	0.306
>NNCACCTGNNN	ZEB1/MA0103.3/Jaspar	8.28973911259755	
0.16	0.397	0.26	0.183
0.233	0.276	0.257	0.234
0.006	0.954	0.008	0.033
0.989	0	0.011	0
0.002	0.988	0.005	0.006
0.01	0.957	0.032	0.001
0	0.025	0.018	0.957
0.022	0.009	0.963	0.006
0.098	0.475	0.257	0.169
0.212	0.304	0.328	0.157
0.173	0.346	0.29	0.192
>NNCCACGTGGNN	MYCN/MA0104.4/Jaspar	11.0563188167967	
0.213	0.271	0.351	0.164
0.248	0.222	0.372	0.158
0.069	0.765	0.106	0.06
0.005	0.992	0.002	0.001
0.912	0.008	0.041	0.039
0.003	0.933	0.017	0.046
0.046	0.017	0.933	0.003
0.039	0.041	0.008	0.912
0.001	0.002	0.992	0.005
0.06	0.106	0.765	0.069
0.158	0.372	0.222	0.248
0.164	0.351	0.271	0.213
>AGGGGANTCCCCT	NFKB1/MA0105.4/Jaspar	16.5894782251951	
0.688	0.164	0.081	0.067
0	0	0.999	0
0	0	1	0
0	0	0.983	0.016
0.012	0	0.987	0.001
0.93	0.005	0.064	0.002
0.508	0.001	0.002	0.489
0.001	0.083	0.007	0.908
0.002	0.984	0	0.013
0.05	0.95	0	0
0	0.999	0	0
0.001	0.998	0	0.001
0.081	0.085	0.219	0.615
>NACATGNCCGGNCATGTN	TP53/MA0106.3/Jaspar	19.3560579293943	
0.433	0.06	0.377	0.13
0.762	0.008	0.176	0.053
0.002	0.957	0.001	0.041
0.882	0.015	0.048	0.055
0.081	0.018	0.006	0.895
0	0	1	0
0.013	0.617	0.006	0.365
0.057	0.801	0.019	0.122
0.06	0.627	0.114	0.199
0.221	0.085	0.572	0.122
0.151	0.032	0.752	0.065
0.44	0.002	0.546	0.012
0	1	0	0
0.892	0.017	0.011	0.08
0.092	0.006	0.004	0.898
0.016	0.002	0.98	0.003
0.04	0.15	0.005	0.805
0.071	0.446	0.04	0.443
>GGGNATTTCC	RELA/MA0107.1/Jaspar	12.4396086688963	
0	0.222	0.611	0.167
0	0	0.944	0.056
0	0	1	0
0.611	0	0.389	0
0.556	0.167	0.222	0.056
0.111	0	0	0.889
0	0	0	1
0	0.111	0	0.889
0	1	0	0
0	1	0	0
>NTATAAANNNNNNNN	TBP/MA0108.2/Jaspar	8.28973911259755	
0.157	0.373	0.391	0.08
0.041	0.118	0.046	0.794
0.905	0	0.005	0.09
0.008	0.026	0.005	0.961
0.91	0	0.013	0.077
0.689	0	0	0.311
0.925	0.008	0.051	0.015
0.571	0.005	0.113	0.311
0.398	0.113	0.404	0.085
0.144	0.347	0.386	0.123
0.213	0.378	0.329	0.08
0.211	0.326	0.329	0.134
0.211	0.303	0.329	0.157
0.175	0.275	0.357	0.193
0.198	0.26	0.36	0.183
>ANGGTCACNNTGACCTN	ESR1/MA0112.3/Jaspar	17.9727680772947	
0.477	0.134	0.208	0.181
0.655	0.01	0.336	0
0	0	0.948	0.052
0.003	0	0.997	0
0	0	0.005	0.995
0.002	0.993	0	0.004
0.94	0	0.06	0
0.207	0.648	0.102	0.044
0.168	0.295	0.45	0.086
0.379	0.142	0.458	0.021
0	0.043	0.002	0.955
0.003	0	0.997	0
0.996	0.002	0.002	0
0	0.996	0.004	0
0.032	0.968	0	0
0	0.219	0.011	0.77
0.068	0.132	0.405	0.395
>NNGNACANNNTGTNCNN	NR3C1/MA0113.3/Jaspar	11.0563188167967	
0.286	0.1	0.402	0.213
0.404	0.005	0.581	0.01
0.001	0	0.997	0.001
0.391	0.026	0.125	0.458
0.999	0	0	0.001
0	0.999	0.001	0
0.959	0.001	0.036	0.004
0.102	0.393	0.065	0.44
0.337	0.159	0.243	0.26
0.517	0.044	0.356	0.083
0.003	0.023	0.002	0.972
0	0	0.999	0
0	0	0.002	0.997
0.384	0.137	0.028	0.451
0.001	0.996	0	0.002
0.009	0.589	0.008	0.394
0.267	0.382	0.133	0.218
>NNCAAAGTCCANN	HNF4A/MA0114.4/Jaspar	12.4396086688963	
0.216	0.153	0.299	0.332
0.21	0.31	0.2	0.279
0.032	0.891	0.027	0.051
0.932	0.027	0.023	0.019
0.865	0.029	0.078	0.028
0.93	0.012	0.041	0.017
0.015	0.02	0.936	0.029
0.02	0.015	0.047	0.918
0.06	0.813	0.039	0.088
0.029	0.91	0.014	0.046
0.788	0.06	0.063	0.089
0.292	0.212	0.28	0.216
0.329	0.195	0.252	0.225
>AAAGGTCAAAGGTCAAC	NR1H2::RXRA/MA0115.1/Jaspar	23.5059274856931	
0.68	0.2	0	0.12
0.68	0.04	0.2	0.08
0.8	0	0.2	0
0	0	1	0
0	0	0.96	0.04
0	0	0	1
0	1	0	0
1	0	0	0
0.96	0	0	0.04
1	0	0	0
0	0	1	0
0	0	1	0
0	0	0	1
0	1	0	0
1	0	0	0
0.8	0.04	0.08	0.08
0	0.6	0.24	0.16
>TGGCANNNNGCCAA	NFIC::TLX1/MA0119.1/Jaspar	13.8228985209959	
0	0	0	1
0	0	1	0
0	0	1	0
0	1	0	0
0.875	0.062	0	0.062
0.125	0.5	0.312	0.062
0.125	0.5	0.25	0.125
0.438	0.062	0.312	0.188
0.25	0.188	0.125	0.438
0	0	1	0
0	1	0	0
0	1	0	0
1	0	0	0
0.875	0	0.062	0.062
>NTCCAC	ZNF354C/MA0130.1/Jaspar	6.90644926049796	
0.438	0.375	0.188	0
0.188	0.125	0	0.688
0	1	0	0
0	1	0	0
1	0	0	0
0	0.938	0.062	0
>CANCGTCCGCNN	HINFP/MA0131.2/Jaspar	12.4396086688963	
0.04	0.598	0.186	0.176
0.49	0.225	0.194	0.091
0.497	0.081	0.391	0.031
0.002	0.787	0.197	0.014
0	0.028	0.953	0.02
0	0	0	1
0	0.969	0.031	0
0	0.993	0	0.007
0	0.059	0.901	0.04
0.002	0.934	0.035	0.028
0.2	0.129	0.442	0.228
0.182	0.199	0.365	0.254
>TTTCNNGGAAA	STAT1/MA0137.3/Jaspar	12.4396086688963	
0.101	0.201	0.216	0.481
0	0.014	0	0.986
0	0.002	0.03	0.968
0.099	0.899	0.002	0
0.03	0.554	0	0.416
0.479	0	0.451	0.07
0.045	0	0.955	0
0.008	0.002	0.944	0.046
0.998	0	0.002	0
0.999	0.001	0	0
0.518	0.086	0.2	0.197
>TTCAGCACCATGGACAGCNCC	REST/MA0138.2/Jaspar	27.6557970419918	
0.133	0.109	0.23	0.528
0.036	0.168	0.091	0.704
0.048	0.855	0.031	0.066
0.906	0.019	0.059	0.016
0.021	0.027	0.945	0.006
0.076	0.609	0.201	0.113
0.981	0.004	0.007	0.007
0.002	0.988	0.007	0.003
0.022	0.922	0.012	0.044
0.569	0.125	0.101	0.205
0.137	0.234	0.077	0.552
0.024	0.004	0.967	0.004
0.012	0.003	0.983	0.001
0.877	0.07	0.021	0.032
0.008	0.8	0.146	0.046
0.984	0.006	0.004	0.006
0.026	0.008	0.96	0.006
0.129	0.632	0.115	0.124
0.23	0.019	0.432	0.318
0.134	0.587	0.201	0.079
0.113	0.701	0.023	0.164
>NGNCCANNAGNNGGCNNNN	CTCF/MA0139.1/Jaspar	12.4396086688963	
0.095	0.319	0.083	0.503
0.183	0.159	0.453	0.205
0.308	0.054	0.492	0.147
0.061	0.876	0.023	0.039
0.009	0.989	0	0.002
0.815	0.014	0.071	0.1
0.044	0.578	0.366	0.012
0.117	0.475	0.053	0.355
0.933	0.012	0.035	0.02
0.005	0	0.991	0.003
0.366	0.003	0.621	0.01
0.059	0.013	0.553	0.374
0.013	0	0.978	0.009
0.062	0.009	0.852	0.078
0.114	0.806	0.006	0.074
0.409	0.014	0.558	0.019
0.09	0.531	0.338	0.041
0.129	0.355	0.08	0.436
0.443	0.199	0.293	0.065
>NTTATCNNNNNNNNNCAG	GATA1::TAL1/MA0140.2/Jaspar	11.0563188167967	
0.225	0.411	0.195	0.169
0.042	0.163	0.032	0.763
0.064	0	0	0.936
1	0	0	0
0	0	0	1
0	1	0	0
0.414	0.013	0.011	0.563
0.133	0.269	0.447	0.152
0.194	0.245	0.251	0.31
0.24	0.227	0.307	0.225
0.359	0.228	0.2	0.213
0.209	0.25	0.346	0.195
0.273	0.23	0.296	0.201
0.38	0.208	0.165	0.246
0.279	0.25	0.38	0.091
0.022	0.973	0.005	0
0.94	0	0	0.06
0.032	0.18	0.715	0.073
>TCAAGGTCANN	ESRRB/MA0141.3/Jaspar	12.4396086688963	
0.047	0.162	0.033	0.758
0.004	0.866	0.126	0.003
0.997	0.001	0	0.002
0.998	0.001	0.002	0
0.002	0.001	0.997	0.001
0.001	0.002	0.995	0.002
0.003	0.006	0.005	0.986
0.001	0.99	0.001	0.009
0.967	0	0.031	0.002
0.343	0.125	0.021	0.511
0.396	0.188	0.108	0.308
>NNACAATGGNN	SOX2/MA0143.4/Jaspar	9.67302896469714	
0.339	0.129	0.25	0.282
0.353	0.177	0.2	0.27
0.974	0.005	0.005	0.016
0.015	0.914	0.014	0.057
0.951	0.014	0.006	0.028
0.943	0.02	0.023	0.014
0.056	0.009	0.011	0.924
0.116	0.009	0.856	0.019
0.172	0.073	0.635	0.12
0.337	0.2	0.207	0.256
0.338	0.204	0.187	0.272
>NTTCNNGGAAN	STAT3/MA0144.2/Jaspar	9.67302896469714	
0.09	0.396	0.176	0.338
0.033	0	0	0.967
0.012	0.016	0.271	0.702
0.047	0.906	0	0.048
0.039	0.36	0	0.601
0.171	0	0.53	0.299
0.073	0	0.927	0
0.117	0	0.864	0.019
1	0	0	0
1	0	0	0
0.431	0.044	0.304	0.221
>NNCCACGTGCNN	MYC/MA0147.3/Jaspar	11.0563188167967	
0.21	0.272	0.334	0.184
0.206	0.26	0.356	0.178
0.089	0.758	0.096	0.058
0.009	0.979	0.006	0.005
0.931	0.012	0.034	0.023
0.011	0.916	0.014	0.059
0.034	0.032	0.926	0.008
0.012	0.033	0.013	0.943
0.005	0.011	0.975	0.009
0.085	0.567	0.242	0.106
0.194	0.308	0.21	0.288
0.153	0.361	0.273	0.213
>NNTCCCCAGGGGANN	EBF1/MA0154.4/Jaspar	15.2061883730955	
0.312	0.195	0.24	0.253
0.251	0.21	0.297	0.242
0.052	0.099	0.121	0.728
0.029	0.763	0.042	0.166
0.013	0.952	0.008	0.027
0.014	0.937	0.01	0.039
0.056	0.873	0.019	0.052
0.765	0.038	0.038	0.16
0.077	0.018	0.853	0.052
0.058	0.011	0.917	0.015
0.033	0.01	0.942	0.015
0.195	0.054	0.721	0.03
0.696	0.14	0.109	0.055
0.247	0.293	0.217	0.243
0.262	0.239	0.202	0.297
>TGNCNGGGGGCN	INSM1/MA0155.1/Jaspar	12.4396086688963	
0.042	0	0.167	0.792
0	0	0.833	0.167
0	0.333	0.125	0.542
0.25	0.625	0	0.125
0.667	0	0	0.333
0	0	1	0
0	0.042	0.958	0
0	0	1	0
0	0	1	0
0	0.083	0.667	0.25
0.125	0.667	0	0.208
0.417	0	0.5	0.083
>NACCGGAAGTNN	FEV/MA0156.3/Jaspar	12.4396086688963	
0.362	0.186	0.322	0.13
0.841	0.027	0.092	0.04
0.019	0.956	0.021	0.004
0.014	0.985	0.002	0
0	0	1	0
0.007	0	0.99	0.003
0.992	0.006	0.002	0.001
0.931	0.01	0.001	0.058
0.224	0.015	0.758	0.003
0.011	0.152	0.015	0.822
0.236	0.223	0.403	0.138
0.319	0.25	0.291	0.14
>NGNTCANNGNNAGGTCA	RARA::RXRA/MA0159.1/Jaspar	15.2061883730955	
0.522	0	0.478	0
0	0	1	0
0.043	0	0.565	0.391
0	0	0.043	0.957
0	0.783	0.13	0.087
0.957	0	0.043	0
0.174	0.304	0.217	0.304
0.217	0.348	0.391	0.043
0.217	0.174	0.478	0.13
0.565	0.043	0.304	0.087
0.217	0.261	0.522	0
0.739	0.13	0.13	0
0.043	0.043	0.87	0.043
0	0.043	0.696	0.261
0.087	0.043	0.13	0.739
0.043	0.739	0.13	0.087
0.913	0	0.043	0.043
>NNAAAGGTCA	NR4A2/MA0160.2/Jaspar	11.0563188167967	
0.164	0.217	0.284	0.335
0.231	0.163	0.187	0.42
0.807	0	0.108	0.085
0.917	0	0.004	0.079
0.972	0.023	0.005	0
0	0	0.766	0.234
0	0	0.991	0.009
0.023	0.085	0.081	0.81
0	0.933	0.004	0.062
0.826	0.016	0.158	0
>NNCTTGGCANN	NFIC/MA0161.2/Jaspar	9.67302896469714	
0.225	0.228	0.213	0.333
0.336	0.184	0.18	0.301
0.035	0.908	0.028	0.028
0.013	0.026	0.032	0.929
0.03	0.029	0.015	0.926
0.027	0.011	0.955	0.007
0.019	0.01	0.945	0.025
0.023	0.924	0.008	0.046
0.875	0.034	0.041	0.049
0.226	0.254	0.274	0.245
0.288	0.234	0.238	0.24
>NCNCGCCCACGCNN	EGR1/MA0162.4/Jaspar	13.8228985209959	
0.232	0.379	0.216	0.173
0.131	0.482	0.236	0.152
0.474	0.337	0.126	0.063
0.021	0.928	0.025	0.026
0.167	0.037	0.727	0.069
0.007	0.959	0.022	0.012
0.047	0.893	0.048	0.012
0.01	0.946	0.023	0.021
0.729	0.177	0.069	0.025
0.005	0.964	0.023	0.008
0.153	0.092	0.671	0.083
0.032	0.823	0.07	0.074
0.291	0.341	0.207	0.16
0.124	0.447	0.257	0.172
>GGGGCCCNAGGGGG	PLAG1/MA0163.1/Jaspar	17.9727680772947	
0	0	1	0
0.167	0	0.778	0.056
0	0	1	0
0	0	0.944	0.056
0	0.778	0.222	0
0	0.833	0.056	0.111
0.222	0.556	0.056	0.167
0.667	0	0	0.333
0.611	0.278	0.111	0
0.111	0	0.778	0.111
0	0	1	0
0	0	1	0
0	0	0.889	0.111
0.111	0	0.889	0
>AGGTCANNNTGNCCN	ESR2/MA0258.2/Jaspar	13.8228985209959	
0.656	0.012	0.311	0.021
0.052	0	0.87	0.078
0.007	0	0.988	0.005
0.009	0.018	0.12	0.853
0	0.925	0.065	0.011
0.982	0	0.007	0.011
0.061	0.51	0.332	0.097
0.254	0.392	0.205	0.149
0.219	0.305	0.264	0.213
0.194	0.118	0.065	0.623
0.136	0.048	0.808	0.008
0.398	0.249	0.169	0.184
0.053	0.785	0.044	0.119
0.135	0.71	0	0.155
0.101	0.329	0.074	0.497
>NNACGTGC	ARNT::HIF1A/MA0259.1/Jaspar	8.28973911259755	
0.26	0.269	0.471	0
0.096	0.279	0.327	0.298
0.75	0.019	0.221	0.01
0	0.99	0	0.01
0	0	1	0
0	0	0	1
0	0	1	0
0.173	0.49	0.192	0.144
>NNAACAAAGNN	SOX10/MA0442.2/Jaspar	9.67302896469714	
0.332	0.193	0.256	0.218
0.352	0.138	0.278	0.233
0.544	0.181	0.154	0.121
0.984	0.002	0.001	0.012
0.001	0.968	0.005	0.025
0.987	0.003	0.003	0.006
0.958	0.014	0.01	0.019
0.953	0.011	0.006	0.03
0.005	0.006	0.979	0.01
0.324	0.269	0.301	0.106
0.31	0.27	0.246	0.174
>NATGACTCATN	BATF::JUN/MA0462.2/Jaspar	12.4396086688963	
0.282	0.125	0.244	0.349
0.492	0.19	0.176	0.141
0.01	0.007	0.005	0.978
0.022	0.01	0.868	0.099
0.977	0.005	0.009	0.008
0.037	0.817	0.11	0.037
0.02	0.006	0.014	0.96
0.104	0.859	0.014	0.024
0.966	0.008	0.011	0.015
0.165	0.16	0.203	0.472
0.351	0.253	0.129	0.266
>NNGCTTTCNAGGAANN	BCL6/MA0463.2/Jaspar	15.2061883730955	
0.293	0.23	0.22	0.256
0.126	0.272	0.098	0.503
0.138	0.02	0.788	0.053
0.031	0.928	0.017	0.024
0.055	0.04	0.011	0.894
0.085	0.104	0.108	0.702
0.008	0.001	0.001	0.99
0	0.968	0.001	0.031
0.018	0.109	0.519	0.354
0.934	0.018	0.012	0.036
0.098	0.007	0.876	0.019
0.006	0.014	0.947	0.033
0.855	0.023	0.07	0.051
0.874	0.014	0.021	0.091
0.215	0.262	0.043	0.481
0.222	0.182	0.27	0.326
>NNCACGTGNC	BHLHE40/MA0464.2/Jaspar	9.67302896469714	
0.341	0.27	0.261	0.129
0.106	0.037	0.382	0.475
0.005	0.994	0	0.001
0.975	0.011	0.007	0.007
0.002	0.995	0	0.003
0.006	0.003	0.992	0
0.014	0.021	0.007	0.957
0	0.001	0.992	0.006
0.5	0.447	0.011	0.042
0.138	0.508	0.123	0.231
>NATTGCGCAATN	CEBPB/MA0466.3/Jaspar	13.8228985209959	
0.129	0.135	0.322	0.415
0.716	0.059	0.224	0.001
0	0	0	1
0	0	0.007	0.993
0.155	0	0.83	0.015
0	0.991	0	0.009
0.008	0.001	0.991	0
0.015	0.834	0	0.15
0.993	0.007	0	0
1	0	0	0
0	0.227	0.059	0.714
0.411	0.324	0.136	0.128
>NTTTTGGCGCCAAAAN	E2F3/MA0469.3/Jaspar	19.3560579293943	
0.4	0.096	0.295	0.209
0.276	0.004	0.01	0.71
0.141	0.002	0.002	0.854
0.091	0.01	0.004	0.895
0.074	0.003	0.116	0.806
0.002	0.116	0.882	0
0	0	0.999	0
0.001	0.998	0	0.001
0.001	0	0.998	0.001
0	0.999	0	0
0	0.885	0.113	0.002
0.81	0.114	0.002	0.074
0.901	0.004	0.009	0.087
0.858	0.002	0.003	0.137
0.71	0.011	0.003	0.276
0.206	0.298	0.094	0.402
>TTTTGGCGCCANNN	E2F4/MA0470.2/Jaspar	15.2061883730955	
0.266	0.064	0.109	0.561
0.189	0.051	0.053	0.707
0.137	0.026	0.163	0.675
0.057	0.03	0.095	0.818
0.02	0.134	0.845	0.001
0.001	0.004	0.996	0
0.001	0.998	0	0.001
0.001	0.001	0.997	0.002
0	0.996	0.004	0
0.002	0.749	0.218	0.031
0.602	0.223	0.052	0.123
0.311	0.128	0.033	0.528
0.305	0.06	0.056	0.58
0.306	0.164	0.137	0.393
>NNNGGCGGGAANN	E2F6/MA0471.2/Jaspar	11.0563188167967	
0.22	0.244	0.373	0.162
0.253	0.224	0.352	0.171
0.288	0.154	0.349	0.208
0.064	0.035	0.888	0.014
0.008	0.025	0.96	0.006
0.117	0.798	0.021	0.064
0.035	0.016	0.924	0.025
0.01	0.013	0.966	0.011
0.011	0.025	0.955	0.009
0.886	0.035	0.07	0.008
0.777	0.048	0.152	0.023
0.272	0.224	0.379	0.126
0.23	0.256	0.345	0.169
>NCGCCCACGCA	EGR2/MA0472.2/Jaspar	13.8228985209959	
0.558	0.328	0.045	0.069
0	0.939	0.017	0.044
0.069	0	0.878	0.052
0.004	0.963	0.015	0.018
0.015	0.968	0.009	0.008
0	0.823	0.021	0.155
0.94	0.048	0.011	0.001
0	0.984	0.001	0.014
0.025	0	0.936	0.04
0.002	0.919	0.012	0.067
0.605	0.055	0.19	0.15
>NNNCAGGAAGTGNN	ELF1/MA0473.3/Jaspar	12.4396086688963	
0.391	0.181	0.242	0.187
0.39	0.164	0.237	0.209
0.365	0.266	0.219	0.151
0.065	0.794	0.101	0.04
0.883	0.085	0.02	0.013
0.007	0.009	0.976	0.008
0.014	0.011	0.962	0.014
0.961	0.017	0.014	0.008
0.947	0.015	0.016	0.022
0.085	0.033	0.874	0.008
0.063	0.042	0.042	0.853
0.119	0.089	0.728	0.065
0.263	0.248	0.354	0.135
0.252	0.265	0.282	0.201
>ACCGGAANTN	FLI1/MA0475.2/Jaspar	11.0563188167967	
0.797	0.027	0.094	0.082
0.06	0.896	0.038	0.006
0.06	0.938	0.002	0
0	0	1	0
0	0	0.999	0.001
0.999	0	0	0
0.873	0.005	0	0.122
0.432	0.013	0.554	0.002
0.019	0.24	0.043	0.698
0.244	0.177	0.426	0.153
>NNTGANTCATN	FOS/MA0476.1/Jaspar	9.67302896469714	
0.268	0.024	0.33	0.378
0.254	0.346	0.369	0.031
0	0	0	1
0	0	0.922	0.078
1	0	0	0
0.034	0.479	0.381	0.106
0	0	0	1
0	1	0	0
1	0	0	0
0.009	0.198	0.052	0.741
0.136	0.28	0.269	0.315
>NNATGACTCATNN	FOSL1/MA0477.2/Jaspar	12.4396086688963	
0.26	0.217	0.257	0.266
0.276	0.191	0.292	0.241
0.608	0.116	0.228	0.048
0.005	0.008	0.003	0.984
0.009	0.005	0.947	0.039
0.985	0.005	0.005	0.005
0.044	0.761	0.149	0.045
0.018	0.003	0.01	0.968
0.054	0.931	0.005	0.01
0.978	0.006	0.01	0.006
0.047	0.18	0.113	0.659
0.254	0.271	0.213	0.261
0.242	0.306	0.192	0.26
>NNNTGANTCAN	FOSL2/MA0478.1/Jaspar	8.28973911259755	
0.157	0.187	0.392	0.264
0.287	0.111	0.509	0.093
0.538	0.01	0.438	0.014
0	0	0	1
0	0	1	0
0.954	0.01	0.036	0
0	0.618	0.346	0.036
0	0	0	1
0.039	0.961	0	0
1	0	0	0
0	0.263	0.363	0.373
>NNNAATCCACA	FOXH1/MA0479.1/Jaspar	11.0563188167967	
0.114	0.346	0.181	0.358
0.192	0.284	0.26	0.263
0.118	0.397	0.384	0.1
1	0	0	0
0.919	0	0.028	0.053
0	0	0	1
0.289	0.703	0	0.008
0.172	0.828	0	0
1	0	0	0
0	1	0	0
0.869	0	0	0.131
>NNGTAAACANN	FOXP1/MA0481.3/Jaspar	9.67302896469714	
0.361	0.186	0.223	0.23
0.36	0.083	0.189	0.368
0.14	0.021	0.797	0.042
0.016	0.01	0.012	0.962
0.932	0.028	0.014	0.026
0.873	0.068	0.024	0.035
0.937	0.02	0.015	0.028
0.018	0.818	0.02	0.144
0.916	0.025	0.01	0.048
0.27	0.231	0.212	0.287
0.348	0.192	0.171	0.289
>NNCAAAGTCCANN	HNF4G/MA0484.2/Jaspar	12.4396086688963	
0.211	0.153	0.305	0.331
0.201	0.311	0.21	0.279
0.024	0.905	0.023	0.048
0.934	0.025	0.025	0.017
0.862	0.028	0.086	0.024
0.931	0.009	0.042	0.017
0.011	0.018	0.945	0.026
0.015	0.012	0.046	0.926
0.061	0.819	0.038	0.082
0.031	0.905	0.012	0.051
0.771	0.065	0.071	0.092
0.275	0.224	0.292	0.209
0.319	0.204	0.256	0.221
>TTCTAGAANNTTC	HSF1/MA0486.2/Jaspar	15.2061883730955	
0.041	0.012	0.016	0.931
0.007	0.003	0.011	0.978
0.006	0.984	0.006	0.003
0.002	0.175	0.116	0.707
0.642	0.187	0.169	0.001
0	0	1	0
0.988	0.005	0.001	0.005
0.977	0.003	0.003	0.018
0.048	0.489	0.109	0.353
0.337	0.131	0.407	0.126
0.017	0.003	0	0.98
0.004	0.001	0.003	0.992
0.002	0.993	0.002	0.003
>NNNATGATGTCAT	JUN/MA0488.1/Jaspar	13.8228985209959	
0.388	0.133	0.233	0.245
0.339	0.14	0.238	0.283
0.31	0.091	0.462	0.138
0.788	0.035	0.177	0
0	0	0	1
0	0	0.994	0.006
1	0	0	0
0	0.164	0.215	0.621
0	0.029	0.971	0
0.045	0.168	0	0.787
0.329	0.671	0	0
1	0	0	0
0.01	0.177	0.048	0.765
>NNATGACTCATNN	JUNB/MA0490.2/Jaspar	12.4396086688963	
0.285	0.208	0.227	0.28
0.295	0.198	0.255	0.252
0.709	0.098	0.145	0.048
0.007	0.008	0.004	0.981
0.01	0.007	0.936	0.047
0.978	0.007	0.007	0.009
0.06	0.749	0.132	0.06
0.025	0.004	0.011	0.96
0.066	0.917	0.008	0.01
0.973	0.007	0.011	0.009
0.047	0.111	0.094	0.748
0.27	0.241	0.207	0.283
0.265	0.259	0.189	0.288
>NNATGACTCATNN	JUND/MA0491.2/Jaspar	12.4396086688963	
0.269	0.207	0.236	0.288
0.276	0.186	0.296	0.242
0.662	0.096	0.194	0.047
0.006	0.007	0.004	0.983
0.013	0.008	0.942	0.037
0.98	0.006	0.005	0.009
0.044	0.718	0.195	0.044
0.019	0.005	0.011	0.965
0.046	0.931	0.009	0.014
0.976	0.007	0.009	0.008
0.026	0.114	0.075	0.785
0.264	0.267	0.21	0.259
0.266	0.281	0.182	0.271
>NNNNATGANGTCATN	JUND/MA0492.1/Jaspar	12.4396086688963	
0.34	0.129	0.238	0.293
0.4	0.096	0.259	0.245
0.335	0.144	0.241	0.28
0.405	0.073	0.469	0.054
0.754	0.005	0.241	0
0	0	0	1
0	0	0.996	0.004
1	0	0	0
0	0.309	0.246	0.444
0.152	0.054	0.793	0
0	0.117	0	0.883
0.261	0.734	0.004	0
1	0	0	0
0.008	0.163	0.072	0.758
0.305	0.322	0.189	0.184
>NGGGNGGGG	KLF1/MA0493.2/Jaspar	9.67302896469714	
0.246	0.071	0.375	0.308
0.001	0.001	0.997	0.001
0.001	0.001	0.997	0.001
0.001	0.001	0.997	0.001
0.125	0.528	0.001	0.346
0.001	0.001	0.997	0.001
0.001	0.001	0.674	0.324
0.082	0.001	0.896	0.021
0.001	0.001	0.997	0.001
>NNGTCAGCATTTTNNN	MAFF/MA0495.3/Jaspar	15.2061883730955	
0.317	0.148	0.295	0.24
0.467	0.109	0.134	0.289
0.104	0.112	0.735	0.049
0.015	0.01	0.011	0.964
0.046	0.928	0.009	0.018
0.967	0.004	0.012	0.017
0.017	0.011	0.899	0.074
0.011	0.96	0.011	0.018
0.913	0.015	0.028	0.045
0.202	0.116	0.118	0.564
0.19	0.053	0.049	0.709
0.153	0.064	0.04	0.743
0.173	0.128	0.062	0.637
0.309	0.188	0.125	0.378
0.265	0.201	0.178	0.357
0.302	0.195	0.191	0.313
>NGNTGACTCAGCNNN	MAFK/MA0496.3/Jaspar	13.8228985209959	
0.231	0.209	0.193	0.368
0.186	0.206	0.423	0.185
0.272	0.522	0.13	0.076
0.031	0.03	0.02	0.918
0.021	0.026	0.903	0.05
0.918	0.032	0.025	0.025
0.048	0.756	0.146	0.049
0.053	0.022	0.021	0.905
0.035	0.925	0.018	0.021
0.922	0.017	0.024	0.037
0.028	0.037	0.851	0.084
0.051	0.84	0.064	0.044
0.479	0.273	0.089	0.159
0.308	0.208	0.203	0.281
0.286	0.189	0.165	0.36
>NNNCNAAAAATAGNN	MEF2C/MA0497.1/Jaspar	12.4396086688963	
0.319	0.145	0.306	0.23
0.332	0.068	0.259	0.34
0.195	0.089	0.372	0.344
0.173	0.639	0.035	0.153
0	0.446	0	0.554
0.732	0.116	0.033	0.119
0.772	0.014	0.109	0.104
0.954	0	0.039	0.007
0.965	0	0.001	0.034
0.967	0	0.002	0.032
0.025	0.028	0	0.947
0.986	0	0.014	0
0.176	0.054	0.756	0.013
0.441	0.378	0.067	0.113
0.457	0.204	0.057	0.282
>NTGACAN	MEIS1/MA0498.2/Jaspar	6.90644926049796	
0.308	0.244	0.126	0.323
0.092	0.059	0.034	0.816
0	0.016	0.984	0
0.956	0.036	0.008	0
0	0.985	0	0.015
0.855	0	0.103	0.043
0.223	0.193	0.388	0.196
>NNNCAGCTGNNN	MYOG/MA0500.2/Jaspar	8.28973911259755	
0.238	0.285	0.25	0.227
0.377	0.168	0.245	0.21
0.32	0.122	0.483	0.075
0.004	0.983	0.005	0.008
0.974	0.008	0.011	0.007
0.004	0.006	0.982	0.008
0.007	0.982	0.006	0.004
0.007	0.011	0.008	0.974
0.008	0.005	0.983	0.004
0.075	0.483	0.121	0.322
0.209	0.246	0.166	0.379
0.224	0.253	0.285	0.238
>ATGACTCAGCANNTN	MAF::NFE2/MA0501.1/Jaspar	16.5894782251951	
0.666	0.024	0.306	0.004
0	0	0	1
0	0	0.993	0.007
1	0	0	0
0.015	0.799	0.152	0.034
0.101	0.001	0.011	0.887
0.073	0.86	0.02	0.047
0.897	0	0.047	0.056
0.007	0.004	0.955	0.034
0	0.975	0.02	0.005
0.854	0.016	0.067	0.063
0.351	0.186	0.26	0.203
0.331	0.092	0.119	0.458
0.268	0.094	0.083	0.555
0.194	0.26	0.097	0.45
>CNCATTGGCCNN	NFYB/MA0502.2/Jaspar	12.4396086688963	
0.109	0.51	0.191	0.19
0.059	0.363	0.121	0.457
0.026	0.731	0.199	0.045
0.937	0.024	0.008	0.031
0.018	0.032	0.03	0.919
0.011	0.005	0.014	0.97
0.007	0.006	0.973	0.015
0.008	0.008	0.976	0.008
0.021	0.87	0.023	0.086
0.021	0.781	0.019	0.18
0.419	0.224	0.219	0.138
0.311	0.2	0.357	0.132
>NGNGGTCANAGGTCA	NR2C2/MA0504.1/Jaspar	16.5894782251951	
0.327	0.319	0.228	0.127
0.208	0.177	0.559	0.056
0.489	0.015	0.494	0.003
0	0.02	0.927	0.053
0.025	0.008	0.899	0.068
0.008	0	0.2	0.792
0.015	0.782	0.137	0.066
0.868	0	0.122	0.01
0.473	0	0.527	0
0.82	0	0.18	0
0.025	0	0.975	0
0.028	0	0.851	0.122
0	0.068	0.225	0.706
0.023	0.797	0.089	0.091
0.734	0	0.233	0.033
>ANTATGCAAATNAG	POU2F2/MA0507.2/Jaspar	16.5894782251951	
0.454	0.175	0.169	0.202
0.505	0.037	0.173	0.284
0.004	0.011	0	0.985
1	0	0	0
0	0.001	0	0.998
0	0	0.988	0.012
0	0.858	0.014	0.128
0.791	0	0	0.209
0.991	0.001	0.002	0.006
0.999	0.001	0	0.001
0.006	0.001	0.004	0.989
0.122	0.075	0.323	0.48
0.722	0.07	0.092	0.116
0.187	0.141	0.586	0.086
>NNCTTTCTCTN	PRDM1/MA0508.3/Jaspar	11.0563188167967	
0.158	0.321	0.12	0.402
0.309	0.221	0.158	0.311
0.022	0.951	0.013	0.015
0.023	0.008	0.015	0.954
0.039	0.024	0.018	0.918
0.033	0.009	0.01	0.948
0.025	0.964	0.004	0.008
0.064	0.019	0.025	0.892
0.031	0.952	0.005	0.012
0.19	0.245	0.074	0.492
0.182	0.316	0.142	0.36
>NGTTGCCATGGCAACN	RFX1/MA0509.3/Jaspar	19.3560579293943	
0.061	0.451	0.351	0.136
0.001	0	0.999	0
0	0	0	0.999
0.002	0.044	0	0.954
0.199	0.004	0.763	0.035
0	0.82	0.002	0.178
0	0.905	0	0.095
0.998	0	0.002	0.001
0.001	0.001	0	0.998
0.091	0	0.909	0
0.168	0.002	0.83	0
0.033	0.663	0.004	0.3
0.828	0	0.043	0.13
0.999	0	0	0
0	0.999	0	0.001
0.133	0.342	0.461	0.064
>NGTTGCCATGGNAACN	RFX5/MA0510.2/Jaspar	17.9727680772947	
0.105	0.408	0.3	0.186
0.031	0	0.966	0.003
0.001	0.011	0.005	0.982
0.016	0.033	0.003	0.948
0.302	0.03	0.616	0.052
0.001	0.956	0.015	0.028
0	0.743	0.002	0.254
0.886	0.017	0.019	0.078
0.047	0.018	0.007	0.928
0.25	0.004	0.744	0.003
0.05	0.017	0.933	0
0.052	0.599	0.023	0.327
0.933	0.004	0.043	0.02
0.98	0.009	0.007	0.004
0.01	0.958	0.005	0.027
0.182	0.35	0.356	0.112
>NAACCGCAA	RUNX2/MA0511.2/Jaspar	11.0563188167967	
0.482	0.136	0.041	0.342
0.738	0.062	0.135	0.065
0.953	0.047	0	0
0	1	0	0
0	1	0	0
0.282	0.005	0.695	0.018
0	1	0	0
0.855	0.061	0.059	0.025
0.635	0.102	0.171	0.092
>GGGGCGGGG	SP2/MA0516.3/Jaspar	12.4396086688963	
0.153	0.001	0.766	0.08
0.168	0.001	0.83	0.001
0.001	0.001	0.997	0.001
0.001	0.001	0.997	0.001
0.112	0.886	0.001	0.001
0.001	0.001	0.997	0.001
0.001	0.001	0.974	0.024
0.121	0.001	0.877	0.001
0.206	0.165	0.611	0.018
>TNAGTTTCNNTTTCN	STAT1::STAT2/MA0517.1/Jaspar	15.2061883730955	
0.111	0.102	0.124	0.663
0.242	0.371	0.135	0.252
0.694	0.011	0.244	0.052
0.005	0.239	0.753	0.003
0	0.003	0	0.997
0.005	0.003	0	0.992
0.005	0.021	0.006	0.968
0	0.937	0	0.063
0.411	0.121	0.308	0.16
0.173	0.179	0.26	0.389
0.006	0.021	0.016	0.956
0.016	0.003	0	0.981
0.006	0.274	0.006	0.713
0.024	0.789	0.015	0.173
0.045	0.589	0.058	0.308
>NNCACCTGCNN	TCF3/MA0522.3/Jaspar	9.67302896469714	
0.201	0.327	0.273	0.2
0.257	0.297	0.302	0.145
0.015	0.94	0.023	0.023
0.925	0.013	0.05	0.012
0.01	0.916	0.044	0.03
0.036	0.87	0.085	0.009
0.012	0.064	0.043	0.881
0.035	0.033	0.916	0.016
0.009	0.919	0.032	0.04
0.233	0.279	0.257	0.231
0.175	0.324	0.295	0.206
>NNANATCAAAGNNA	TCF7L2/MA0523.1/Jaspar	12.4396086688963	
0.364	0.181	0.272	0.183
0.432	0.201	0.275	0.092
0.733	0.032	0.133	0.101
0.02	0.465	0.479	0.035
0.667	0.006	0	0.326
0.033	0	0	0.967
0.037	0.789	0.174	0
1	0	0	0
0.98	0.004	0.017	0
0.995	0	0.005	0
0.072	0.009	0.919	0
0.247	0.203	0.479	0.071
0.334	0.268	0.289	0.109
0.426	0.197	0.181	0.197
>NGCCNNNNGGCA	TFAP2C/MA0524.2/Jaspar	9.67302896469714	
0.221	0.245	0.053	0.482
0.103	0.198	0.683	0.016
0.011	0.887	0.094	0.008
0.004	0.974	0.002	0.02
0.006	0.616	0.066	0.312
0.088	0.364	0.227	0.32
0.412	0.249	0.292	0.047
0.38	0.058	0.559	0.003
0.027	0.002	0.968	0.003
0.017	0.11	0.868	0.006
0.032	0.742	0.149	0.076
0.597	0.067	0.177	0.159
>NACATGTNGNGACATGTC	TP63/MA0525.2/Jaspar	20.7393477814939	
0.582	0.01	0.366	0.042
0.916	0	0.075	0.009
0	1	0	0
0.966	0	0.033	0.002
0.225	0.011	0	0.764
0	0	1	0
0.004	0.027	0	0.968
0.031	0.33	0.008	0.631
0.202	0.149	0.645	0.004
0.034	0.208	0.505	0.253
0.313	0	0.672	0.015
0.959	0	0.021	0.02
0	1	0	0
0.918	0	0	0.082
0.021	0.175	0.002	0.801
0	0	1	0
0.015	0.06	0	0.925
0.195	0.582	0.055	0.168
>NNTCACGTGANN	USF2/MA0526.4/Jaspar	11.0563188167967	
0.257	0.134	0.397	0.212
0.364	0.03	0.604	0.002
0.023	0.132	0.008	0.837
0	0.999	0	0
0.999	0	0	0
0	0.997	0	0.002
0.002	0	0.998	0
0.001	0	0.001	0.999
0.001	0	0.999	0
0.837	0.008	0.132	0.023
0.002	0.605	0.03	0.364
0.213	0.399	0.133	0.255
>NTCTCGCGAGANNTN	ZBTB33/MA0527.1/Jaspar	15.2061883730955	
0.116	0.363	0.207	0.313
0.009	0.094	0.045	0.852
0.04	0.935	0.016	0.01
0.014	0.126	0.007	0.852
0	1	0	0
0.05	0	0.946	0.004
0.003	0.948	0	0.05
0	0	1	0
0.654	0.113	0.167	0.065
0.011	0.081	0.638	0.27
0.59	0.133	0.2	0.077
0.121	0.329	0.193	0.357
0.027	0.465	0.061	0.447
0.112	0.206	0.155	0.528
0.128	0.33	0.377	0.165
>NNGGGGAGGANG	ZNF263/MA0528.2/Jaspar	12.4396086688963	
0.236	0.231	0.36	0.173
0.196	0.265	0.317	0.222
0.231	0.11	0.513	0.146
0.029	0.029	0.919	0.023
0.014	0.027	0.937	0.021
0.017	0.017	0.948	0.017
0.957	0.029	0.003	0.011
0.015	0.017	0.938	0.03
0.012	0.039	0.936	0.013
0.932	0.031	0.026	0.011
0.169	0.274	0.441	0.117
0.15	0.207	0.446	0.197
>NNTCAAGGTCANN	ESRRA/MA0592.3/Jaspar	12.4396086688963	
0.201	0.195	0.346	0.257
0.136	0.338	0.243	0.283
0.089	0.248	0.071	0.592
0.037	0.841	0.089	0.033
0.949	0.014	0.021	0.016
0.952	0.016	0.022	0.01
0.018	0.013	0.949	0.019
0.009	0.006	0.974	0.011
0.039	0.015	0.037	0.91
0.011	0.923	0.03	0.036
0.948	0.009	0.03	0.013
0.213	0.352	0.171	0.264
0.359	0.215	0.227	0.2
